{
  "advancedEditorSelectedIdentifier" : "ShaderGraphEditorPluginID",
  "openSceneRelativePaths" : [
    "Immersive.usda"
  ],
  "recentIdentifiers" : {
    "AF09ED6F-1707-48FD-8720-65B998362C09" : [

    ]
  },
  "sceneCameraHistory" : {
    "AF09ED6F-1707-48FD-8720-65B998362C09" : [
      {
        "date" : 745934235.947171,
        "title" : "Untitled",
        "transform" : [
          -0.6063342,
          1.8574941e-05,
          -0.79520994,
          0,
          -0.11469169,
          0.98954237,
          0.087473616,
          0,
          0.7868956,
          0.14424223,
          -0.5999914,
          0,
          2.2319593,
          1.3816885,
          -2.8443475,
          1
        ]
      },
      {
        "date" : 745934210.006103,
        "title" : "Untitled",
        "transform" : [
          -0.6063342,
          1.8582392e-05,
          -0.79520994,
          0,
          -0.1146917,
          0.98954237,
          0.08747363,
          0,
          0.7868956,
          0.14424224,
          -0.5999914,
          0,
          2.2319589,
          1.3816886,
          -2.8443468,
          1
        ]
      },
      {
        "date" : 745547464.854584,
        "title" : "Untitled",
        "transform" : [
          -0.6063343,
          1.8576582e-05,
          -0.7952099,
          0,
          -0.1146917,
          0.98954237,
          0.08747364,
          0,
          0.78689545,
          0.14424224,
          -0.5999914,
          0,
          -0.33760777,
          1.5212132,
          -1.640871,
          1
        ]
      },
      {
        "date" : 745547281.099531,
        "title" : "Untitled",
        "transform" : [
          -0.6063343,
          1.8576582e-05,
          -0.7952099,
          0,
          -0.1146917,
          0.98954237,
          0.08747364,
          0,
          0.78689545,
          0.14424224,
          -0.5999914,
          0,
          -0.324721,
          1.5389622,
          -1.6506962,
          1
        ]
      },
      {
        "date" : 745547276.194259,
        "title" : "Untitled",
        "transform" : [
          -0.6063343,
          1.8576582e-05,
          -0.7952099,
          0,
          -0.1146917,
          0.98954237,
          0.08747364,
          0,
          0.78689545,
          0.14424224,
          -0.5999914,
          0,
          -0.10232257,
          1.4659538,
          -1.820272,
          1
        ]
      },
      {
        "date" : 745547268.575075,
        "title" : "Untitled",
        "transform" : [
          -0.60266066,
          0.0013512251,
          -0.79799646,
          0,
          -0.7450362,
          0.35728008,
          0.56326914,
          0,
          0.2858693,
          0.9339963,
          -0.21431191,
          0,
          -0.49259368,
          1.839755,
          -1.4970158,
          1
        ]
      },
      {
        "date" : 745547261.478067,
        "title" : "Untitled",
        "transform" : [
          -0.7688474,
          -2.8854945e-09,
          -0.63943243,
          0,
          -0.14233878,
          0.9749095,
          0.17114678,
          0,
          0.6233887,
          0.22260177,
          -0.7495566,
          0,
          -0.4073308,
          1.6094441,
          -1.6373671,
          1
        ]
      },
      {
        "date" : 745547257.156467,
        "title" : "Untitled",
        "transform" : [
          -0.72935575,
          -2.5475781e-09,
          -0.68413466,
          0,
          -0.1366669,
          0.9798436,
          0.14570053,
          0,
          0.67034495,
          0.19976607,
          -0.71465456,
          0,
          -0.37827054,
          1.5264889,
          -1.6723092,
          1
        ]
      },
      {
        "date" : 745547121.188728,
        "title" : "Untitled",
        "transform" : [
          -0.68441015,
          8.299402e-09,
          -0.7290973,
          0,
          -0.23449922,
          0.9468656,
          0.22012651,
          0,
          0.69035715,
          0.32162955,
          -0.6480444,
          0,
          -0.37827054,
          1.5264889,
          -1.6723092,
          1
        ]
      },
      {
        "date" : 745547117.723252,
        "title" : "Untitled",
        "transform" : [
          -0.68441015,
          8.299402e-09,
          -0.7290973,
          0,
          -0.23449922,
          0.9468656,
          0.22012651,
          0,
          0.69035715,
          0.32162955,
          -0.6480444,
          0,
          -0.5003681,
          1.4696048,
          -1.5576946,
          1
        ]
      }
    ]
  },
  "sceneViewportBackgroundColors" : {

  }
}